0.76
0.4
0.28
0.65
0.68
0.84
0
0.52
1
0
0.08
0.65
0.68
0.92
0.68
0.68
0.08
1
0.75
0.65
0.56
0.35
0.32
0.4666
0.52
0.48
0.36
0.2
0.76
1
0.48
0.56
0.04
0
0.52
0.68
0.04
0.52
1
0.2
0.55
0.2
0.52
0.2
0.75
0.84
0.72
0.48
0.48
0.2
0.2
0.32
0.6
0.92
0.64
0.5
0.36
1
0.16
0.36
0.2
0.68
0.76
0.2
0.64
0
0.6
0.12
0.8
0.6
0.84
0.52
0.28
0.04
0.32
0.8
0.12
0.6
0.65
0.72
0.92
0.8666
0.92
0.88
1
0.12
0.56
0.68
0
0.08
0.88
0.4
0.76
0.48
0.24
0.44
0.05
0.6
0.44
0.84
0.88
0.84
0.52
0.2
0.84
0.44
0.28
0.92
0.4
0.85
0.68
0.28
0.6
0.08
0.68
0.75
0.85
0.6
0.2
0.75
0.92
0
0.32
0.28
1
0.92
0.08
0.36
0.68
0.04
0.76
0.32
1
0.76
0.68
0.92
0.8
0.8
0.88
0.4
1
0.2
0.56
0.44
0.4
0.88
0.88
0.68
0.4
0.24
0.68
0.3
0.72
0.88
0.8
0.08
0.2
0.96
0.8
0.08
0.04
0.24
0.64
0.44
0
0.16
0.65
0.24
0.36
0.36
0.76
0.32
0.48
0.44
0.68
0.28
0.08
0.52
0.56
0.04
0.44
0.56
0.95
0.16
0.64
0.32
0.2
0.96
0.6
0.8
0
0.36
0
0.4
0.6
0.28
0.52
0.68
0.84
0.4
0.24
0.4
0.9
0
0.28
0.56
0.76
0
0.44
0.68
0.92
0.8666
0.84
0.56
0.56
0.36
0.3
0
0.775
0.1334
0.36
0.84
0.44
0.6
1
0.76
0.72
0.64
0.92
0.75
0.56
0.88
0.75
0.52
0.72
0.8
0.96
0.48
0.6
0.52
0.28
0.72
0.7
0
0.68
0.44
0.76
0.16
0.4
0.36
0.7
0.28
0.6
0.24
0.6
0.8
0.04
0.96
0.84
0.35
0
0.725
0.8
1
0.08
0.92
0.56
0.72
0.32
0.64
0.68
0.52
0.72
0.8
0.72
0.56
0.6
0.6
0
0.36
0.7858
0
0.2
0.44
0.92
0.68
0.2
0.64
0.52
0.28
0.6
0.88
0.24
0
0.76
0.6
0.4
0.1286
0.56
0.95
0.48
0.72
0.75
0.36
0.84
0.48
0.84
0.24
0.04
0
0.36
0.65
0.4
0.44
0.72
0.7334
0.04
0.92
0.48
0.6
0.72
0.16
0.76
0.24
0.28
0.32
0.48
0.4
0.84
0.4
0.76
0.8
1
0
0.2
0.52
0.4
0.28
0.6
0.3
0.08
0.45
0.08
0.72
0.68
0.6
0.16
0.56
0.36
0.28
0.36
0.04
0.44
0.72
0.4
0.76
0.08
0.64
0.5
0.96
0.15
0.64
0.28
0.2666
0.72
1
0.8
0.68
0.8
0.2
0.64
0.16
0.753
0.76
0.52
0.6
0.6
0.64
0.52
0.96
0.64
0.76
0.68
0.8
0.68
0.1
0.76
0.4
0.3
0.4
0.84
0.4
0.15
0
0.64
0.84
0.28
0.28
1
0.8
0.28
0.64
0.8
0.2
0
0.72
0
0.16
0.92
0.8
0.28
0.56
0.48
0.12
0.65
0.4
0.92
0.64
0.84
0.85
0.8
0.44
0.8
0.76
0.96
1
0.84
0.55
0.84
0.12
0.76
0.1666
0.16
0.76
0.4
0.52
0.6
0.68
0.3
0.68
0.76
0.52
0.7
0.6
0.84
0.6
0.76
0.5334
0.75
0.8
0.32
0.64
0.7
0.36
0.56
0.96
0.72
0.68
0.68
0.76
0
0.76
0.72
1
0.8
0.76
0.6
0.92
1
1
0
0.72
0.84
0.8
0.6
0.16
1
0.88
0.44
0.6
0.16
0.68
0.72
0.68
0.56
0.72
0.8112
0.8
0.64
0.64
0.56
0.8
0.08
0.2
0.72
0.96
0.96
0.28
0.68
0.75
1
0.05
0.48
0.64
0.68
0.64
0.75
0.6
0.8
0.08
0.44
0
0.6
0.36
0.52
0.04
0.5
0.64
0.96
0.68
0.6
0.48
0
0.7
0.3692
0.55
0.72
0.88
1
0.6
0.28
0.16
1
0.8
0.64
0.76
0.72
0.8
0.64
0.12
0.6
0.6
1
0.56
0.64
0.48
0.95
0.88
0.08
0.6
0.75
0.493333
0.8
0.72
0.08
0.6
0.2
0.56
0.8
0.9
0.44
0.72
0.04
1
0.68
0.68
0.8
0.6
0.48
1
0.76
0.36
0.8
0.55
0.56
0.6
0.64
0
0.8
0.96
0.76
0.68
1
0.72
0.88
0.45
0.45
0.56
0.72
0.6
0.92
0.8
0.4
0.68
0.493333
0.2
0.8
0.2
0.16
0.8
0.8
0.48
0.8
0.55
0.52
0.96
0.8
0.52
0.52
0.36
0.2
0.36
0.72
0.36
0.44
0.76
0.28
0.6
0.6
0.24
0.96
0.2
1
0.44
0.8
0.84
0.68
0.52
0.76
0.76
0.45
0.16
0.08
0.32
0.12
0.04
0.76
0.84
0.6
0.64
0.65
0.08
0.36
0.8
0.2
0.6
1
0.52
0.44
0.8
0.44
0.92
0
0.8
0.1
0.16
0.2
0.2
0.6
0.08
0.68
0.96
1
0.12
0.52
0.56
0.52
0.92
0.28
0.44
0
0.36
0.4
0.35
1
0.84
0.96
0.24
0
0.08
0.72
0.84
0.7066
0.76
0.72
0.32
0.8
0.2
0.4
0.64
0.44
0.84
0.7
0.12
0.32
0.72
0.04
0.88
0.72
0.24
0.6
0.96
0.6
0.1
0.68
0.8
0.96
0.4
0
0.96
0.12
0.56
0.44
0.68
0.8
0.72
0.84
0.72
0.2
0.8
0.2
0.2
0.96
0.88
0.6
0.6
0.72
0.64
0.56
0.64
0.5
0.72
0.48
0.56
0.48
0.84
0.16
0
0.24
0.8
0.2
0.64
0.44
0.28
0.64
0
1
0.72
0.48
1
0.65
0.68
1
0.12
0.08
0
0.6
1
0.44
0.034
0.28
0.24
0.6888
0.56
0.28
0.16
0.6
0.8
0.72
0.32
0.48
0.64
0.16
0.36
0.08
0.6
0.08
0.12
0.8
0
0.88
0.12
0.16
0.44
0.16
0.8
0.6
0.8
1
0.1
1
0.08
0.8
0.55
0.32
0.44
0.64
0.88
0.8
0.28
0.8
0.92
0.8
0
0.76
0.75
0.35
0.6
0.8
0.2
0.48
0.24
0.76
0.36
0.76
0.68
0.32
0.6
0.72
0.2
0.4
0.08
0.96
0.9454
0.4
0.4
0
0.68
0.28
0.32
0.28
0.52
0.2
0.28
0.12
0.56
0.76
0.6
1
0.65
0.68
0.4
0.56
0.6
0
0.2
0.72
0.15
0
0.8
0.64
0.08
0.16
0.72
0.24
0.8
0.64
0.32
0.16
0.6
0.28
0.96
0.32
0.4
0.6666
0.16
0.75
0.84
0.48
0.36
0
0.9
0.0666
0.84
0.55
0.2
0.28
0.6
0.12
0.36
0.92
0.88
0.4
0.76
0.75
0.8
0.5538
0.08
0.7
0.88
0.44
0.64
0.92
0.48
0.75
0.2
0.44
0.8
0
0.6
0.28
0.76
0
0.55
0.4
0.75
0.7
0.75
1
0.16
0.96
0.68
0.8
0.8
0.12
0.52
0.68
0.44
0.6
0.72
0.44
0.36
0.32
0.72
0.84
0.9
0.24
0.12
0.48
0.68
0.56
0.4
0.92
0.64
0.64
0.08
0.68
0.6
0.8
0.56
0
0.44
0.9
0.68
0.32
0.48
0.4
0.52
0.24
0
0
0.95
0.64
0.2
0.6666
0.28
0.05
0.92
0
0.6
0.44
0.95
0.88
0.68
0.32
0
0.84
0.44
0.88
0.88
0.96
0.08
0.8
0.8
0.32
0
0
0.68
0.92
0.16
0.36
0.96
0.08
0.8
0.1
0.56
0.4
0.84
0
0.88
0.44
0.6
0.28
1
0.15
0.28
0.7734
0.48
0.96
0.64
