0.8
0.6
1
0.6
0
0.36
0
0.6
0
0.36
0.48
1
0.7334
0.64
0.5
0.7066
0.44
0.8
0.8
0.56
0.2
0.72
0.32
1
0
0.8
0.85
0.16
1
0.92
0.4
0
0.76
0.48
0.84
0.4
0.64
0.2
0
0.72
0.85
0.65
0.68
0.6
0.48
0.48
0.56
0.76
0
0.68
0.8
0
0
0.96
0.8
0.48
0.2
0.56
0.24
0.96
0.2
0.68
0.84
0.76
0.68
0.575
0.4
1
1
0.2
0.72
0.52
0.96
0.24
0.6
0.62
0.84
0.8
0.75
0.44
0.24
0.8
0.68
0.56
1
1
0.76
0.4
0.24
0.64
0.68
0.44
0.5
0.8
0.56
0.32
0
0.48
0.2
0.4
0.68
0.92
0.04
0.65
0.2
1
0.15
0.8
1
0.92
0.6666
0.72
0.16
0.8
0.76
0.76
0.68
0.92
0.92
0.4
0.36
0.6
0.76
0.32
0.8
0.65
0.92
0.52
0.68
0.8
0.84
0.76
0.84
0.56
0.8
0.16
0.56
0.28
0.52
0.95
0.05
0.36
0.04
0.72
1
0.8
0.2
0.24
0.6334
0.76
0.2
0.32
0.32
0
0.84
0.68
0.65
0.56
0.16
0
0.84
0.96
1
0.52
0.85
0.75
0.68
0.4
0
0.95
0.7384
0.52
0.734
1
0
1
0.35
0.8
0.4
0.5
0.56
0.64
0.52
0.92
0.44
0.84
0.6
0.85
0.76
1
0.35
1
0.8
0.8
0.96
0.96
0.44
0.76
0.52
0.8
1
1
0.24
0.68
0.64
0
0.44
0.48
0.84
0.84
0.85
0.6
0.32
0.72
0.25
0.76
0.84
0.8
1
0.75
0.56
0.72
0.44
0.08
0.08
0.6
0.64
0.88
0.95
0.6
0.75
0.76
0.44
0.6
0.16
0.28
0
1
0.32
0
0.36
0.64
0.35
0.36
0.48
0.65
0.68
0.6
0.65
0.36
0.64
0.12
0.88
0.32
0.96
0.92
0.6
0.44
0.56
0.6
0.5
0.2
0.84
0.72
1
0.6
0.5
0.12
0.52
0.72
0.6
0.72
0.04
0.6
0
0.68
0.44
0.76
0.96
0.8
0.95
0.72
0.8
0.08
0.95
0.68
0.52
1
1
0.48
0.35
0.16
0.76
0.92
0.16
0.68
0.8
0.76
0.44
0.6
0.04
0.24
0.48
0.1888
1
0
0.2
0.88
1
0.16
0.76
0.76
0
0.2
0.08
0.8
0.44
0.12
0.28
0.2
0.05
0.24
0.72
0.52
0.6
0.8
0.88
0.68
0.76
0.16
0.12
0.68
0.16
0.75
0.2572
0.64
0.4
0.64
0.44
0.32
0.84
0
0.48
0.88
0.8
0.92
0.28
0.56
0
0.85
0.64
0.35
0.4
0.96
0.4
0.48
0.75
1
0.8
0.32
1
0.12
0.6
0
0.76
0.56
0.08
0.65
0.2
0.24
0.96
0.6
0.88
0.72
0.08
1
0.84
0
0.76
0.75
0.4
0.76
0.28
0.9
1
1
0.16
0.44
0.6
0
0.12
0.68
0
0.12
0.12
1
0.85
0.44
0.75
0.64
0.755556
0.8
0.52
0.96
0.8666
0.16
0.88
0.28
0.44
0.44
0.8
1
0.8
0.76
1
0.84
0.2
0.52
0.2
0.88
0
0.88
0.32
0.32
0.44
0.15
0
0.3
0.6
0
0.6
0.24
0.88
0.08
0.84
0.8
0.64
0.64
0.6
1
0.64
0.92
0.56
0
0.92
0.76
0.28
0.64
0.85
0.88
0.96
0.64
0.8
0.24
0
0.76
0.64
0.92
0.24
0.44
0.6
0.76
0.75
0.2
0.08
0
1
0.8
0.76
0.84
0.85
0.08
0.64
0
0
0.84
0.08
0.25
0.04
0.6
0.64
0.56
0.72
0.2
0.76
0.64
0.24
0.6
0.92
0.2
1
1
0.44
0.8
0.64
0.92
0.88
0.68
0.64
0.72
